-76.842080 	-9.194445 	-4.112468 	0.637336 	0.073678 	0.716510 	0.061749 	-0.687917 	-0.386113 	0.655724 	0.547319 	0.165315 	
-69.562008 	-11.997176 	-7.293866 	-3.641325 	-3.222284 	-0.916611 	-0.495432 	-0.310544 	0.351996 	0.502577 	0.284599 	0.277895 	
-69.445626 	-12.300129 	-6.569024 	-5.369309 	-4.791016 	-2.627815 	-1.224603 	0.143164 	0.801805 	0.109559 	-0.240999 	0.267821 	
-68.403113 	-10.327265 	-3.649104 	-2.519966 	-2.347222 	-1.097905 	-0.419089 	1.154608 	1.784372 	0.534855 	-0.550689 	0.078685 	
-67.893501 	-12.283315 	-6.318254 	-3.783775 	-2.514770 	-0.829941 	-0.596287 	-0.132630 	0.558757 	0.582613 	0.407203 	0.828506 	
-65.082039 	-9.246958 	-4.722522 	-2.860504 	-1.979105 	0.129086 	0.494835 	0.559253 	1.212665 	0.701442 	0.401417 	0.130506 	
-67.055177 	-10.768843 	-5.964560 	-3.910042 	-2.674184 	-0.684409 	-0.241744 	0.186381 	0.975663 	0.499062 	0.244569 	0.535243 	
-65.635359 	-9.309975 	-6.072803 	-3.400721 	-1.907872 	0.559560 	0.300415 	0.465709 	0.550346 	0.631106 	0.574514 	0.507583 	
-64.911735 	-10.982700 	-5.270521 	-1.105626 	-0.625055 	0.072532 	-0.169458 	1.724107 	-0.246858 	-0.099934 	0.986829 	0.975563 	
-65.471905 	-11.489148 	-5.259159 	-1.745881 	-0.584290 	-0.520274 	-0.074623 	1.537073 	0.399700 	0.311244 	0.710479 	0.394387 	
-64.972599 	-11.277533 	-5.585602 	-2.655797 	-0.301135 	0.487834 	0.004873 	0.315657 	0.513864 	0.416339 	-0.112081 	0.149949 	
-66.218345 	-13.259925 	-5.827175 	-2.658443 	0.162834 	0.810354 	0.862389 	-0.022985 	-0.125880 	1.023764 	0.109624 	-0.378768 	
-66.884441 	-10.528310 	-4.986630 	-2.928714 	0.070254 	0.467997 	0.613436 	0.244651 	1.382391 	-0.125239 	-0.837846 	-0.576099 	
-66.331601 	-10.936446 	-5.212720 	-3.520496 	-0.062503 	1.120669 	-0.095429 	0.970147 	0.776886 	-0.430006 	-0.317949 	-0.202312 	
-68.041140 	-11.486101 	-5.436203 	-2.701194 	0.179940 	-0.539970 	0.915269 	0.983830 	-0.375584 	0.298267 	-0.012988 	-0.680804 	
-68.770233 	-11.746970 	-5.695489 	-3.335720 	-1.145727 	-0.706275 	0.308813 	0.859247 	0.505884 	0.887535 	-0.242504 	-0.749473 	
-67.383917 	-9.798046 	-4.529724 	-1.725432 	-1.192841 	-0.765292 	0.158577 	0.242362 	0.549540 	1.276672 	0.298425 	-0.497311 	
-67.451869 	-10.872262 	-5.986174 	-2.731387 	-2.643693 	-1.967693 	-0.216082 	0.318605 	1.016828 	1.600757 	0.487385 	-0.304444 	
-67.443394 	-9.655825 	-4.208949 	-1.946276 	-2.429626 	-1.516770 	-0.131430 	1.808930 	1.809843 	0.834055 	0.334928 	0.003051 	
-64.531031 	-8.773526 	-3.660309 	-0.285299 	-1.090066 	-0.182968 	0.427224 	0.621671 	0.475219 	0.758582 	-0.096510 	0.468588 	
-64.153575 	-11.188286 	-5.981022 	-4.217138 	-2.364141 	-1.006807 	-0.109390 	0.725318 	0.615392 	1.006681 	-0.359949 	0.273671 	
-61.943125 	-10.297043 	-5.598761 	-3.572647 	-1.953398 	-1.175950 	-0.054579 	1.428317 	1.434840 	0.922738 	0.391462 	0.035105 	
-55.164545 	-6.409706 	-5.132745 	0.011761 	0.497374 	-0.645469 	0.264261 	0.631647 	0.524410 	-0.128612 	-0.457492 	-0.302979 	
-47.524045 	-7.778356 	-9.491038 	-2.135119 	-1.752133 	-2.654529 	-0.443271 	0.170606 	0.698295 	-0.285484 	0.015623 	-0.144588 	
-47.137971 	-6.184486 	-6.954208 	-1.713498 	-2.470102 	-3.475283 	-1.161263 	0.269481 	1.551077 	-0.289644 	-0.115645 	-0.391603 	
-47.612984 	-9.172611 	-2.723979 	1.650833 	-3.167399 	-3.055562 	-0.984969 	-0.051189 	3.269984 	0.353607 	-0.948579 	-0.672402 	
-33.992621 	-4.314968 	-7.306612 	1.769323 	0.071496 	-0.248862 	0.420864 	-0.088234 	1.002118 	-0.632439 	0.378584 	-0.220028 	
-26.320125 	-4.564019 	-10.973090 	-0.030970 	-2.509101 	-2.217705 	-0.692843 	0.025984 	1.235491 	-0.487010 	0.310854 	-0.224499 	
-26.450500 	-4.568017 	-8.860901 	-0.751589 	-3.418699 	-4.342335 	-1.930058 	-0.605821 	1.930679 	-0.649885 	-0.320533 	-0.752491 	
-27.473122 	-5.766632 	-4.313803 	0.956132 	-2.495336 	-3.049568 	-2.275727 	-0.622368 	3.239212 	0.173836 	-0.521177 	-0.129303 	
-23.873005 	-5.565011 	-7.618697 	0.114090 	-0.153819 	-1.206745 	-0.166590 	0.022906 	0.955853 	0.023245 	0.364409 	0.012510 	
-17.497123 	-3.997313 	-9.903350 	-1.118962 	-1.038037 	-2.835307 	-0.616309 	0.504685 	1.035478 	0.099423 	0.309268 	-0.413233 	
-18.880078 	-3.137793 	-8.484986 	-0.653872 	-2.448994 	-4.646556 	-2.082044 	-0.012657 	1.717577 	0.128514 	-0.408586 	-1.030655 	
-20.898985 	-3.686134 	-6.191922 	0.492987 	-2.875299 	-3.100207 	-2.718181 	-0.518320 	3.018240 	-0.147805 	-0.477540 	-0.604383 	
-18.433572 	-4.959692 	-7.618330 	0.674115 	-0.460467 	-0.491347 	-0.242833 	-0.606302 	1.447646 	-0.585623 	0.707271 	-0.398556 	
-14.690979 	-3.333490 	-11.001499 	-0.410638 	-2.208201 	-2.088597 	-0.916580 	-0.344852 	2.150552 	-0.819308 	1.192943 	-1.077077 	
-17.335604 	-3.607721 	-9.207991 	-1.414111 	-3.497870 	-4.740175 	-3.559247 	-0.724355 	2.087149 	-0.776367 	0.030848 	-2.136559 	
-18.396207 	-3.711235 	-4.485749 	0.731031 	-2.756207 	-2.788635 	-2.554757 	-0.480252 	2.463615 	0.049049 	-0.018197 	-1.152370 	
-15.903115 	-4.776243 	-7.766456 	0.127996 	-0.547226 	-1.497196 	-0.736185 	-1.156082 	1.084182 	-0.651168 	0.855636 	-0.155638 	
-12.797600 	-3.959347 	-10.443723 	-0.806315 	-2.177598 	-2.227611 	-1.342801 	-0.430786 	1.843130 	-0.548485 	0.861868 	-1.043050 	
-15.950770 	-2.974278 	-8.336317 	0.024118 	-2.794494 	-3.871415 	-3.026134 	-0.634003 	3.190069 	-0.217844 	0.045563 	-2.236190 	
-18.627642 	-3.096989 	-5.648313 	0.593952 	-1.101715 	-3.271138 	-3.194196 	-0.275785 	2.926112 	0.389106 	-0.140894 	-1.905794 	
-16.223479 	-3.394036 	-8.668047 	0.575786 	-0.514012 	-1.184160 	0.083173 	-0.903376 	1.296677 	0.060744 	0.246801 	0.192693 	
-13.826447 	-3.289681 	-10.955030 	-1.049835 	-2.536342 	-2.890568 	-0.915815 	-0.898585 	1.705807 	-0.101616 	0.305586 	-0.835863 	
-16.981431 	-4.030155 	-8.482696 	-0.729113 	-3.604540 	-4.788121 	-3.913226 	-0.734636 	2.436376 	-0.313588 	-0.085708 	-2.835930 	
-18.953189 	-3.886001 	-4.336807 	2.190318 	-2.133628 	-3.235074 	-2.183639 	-0.895813 	3.574466 	0.880368 	-0.123965 	-1.743688 	
-16.039530 	-5.089521 	-9.709037 	-0.780946 	-1.546425 	-1.574352 	-0.873465 	-0.843426 	0.972492 	-0.870976 	1.057599 	-0.836658 	
-13.714704 	-4.569572 	-10.917497 	-2.420062 	-2.819192 	-3.540492 	-2.006679 	-0.984714 	1.081165 	-0.741640 	0.794600 	-1.678903 	
-16.757286 	-3.369558 	-7.805296 	-0.660026 	-2.379791 	-5.052516 	-2.771469 	-0.974565 	2.529181 	0.255321 	-0.151053 	-2.713275 	
-18.515501 	-3.443792 	-5.111623 	1.651403 	-1.074652 	-2.838694 	-1.831661 	-1.405698 	2.991586 	0.648359 	0.208949 	-1.598101 	
-15.585559 	-3.609322 	-9.097613 	0.415294 	-0.926996 	-0.722788 	0.185920 	-0.725027 	2.018630 	-0.431965 	1.356524 	-0.825120 	
-14.132812 	-3.448519 	-10.539133 	-1.007074 	-2.622136 	-3.025749 	-0.867274 	-1.275645 	1.968580 	-0.081151 	0.619219 	-1.435118 	
-16.207370 	-2.583215 	-6.431810 	1.345254 	-1.972341 	-3.504643 	-1.924695 	-0.691132 	3.392148 	0.919009 	-0.309116 	-2.415916 	
-18.033332 	-2.375321 	-4.850672 	2.463869 	-0.724021 	-1.382219 	-0.834135 	-1.772389 	2.660089 	0.035116 	1.059831 	-1.359333 	
-16.285106 	-5.467022 	-10.397100 	-1.489374 	-1.680621 	-1.533091 	-0.453154 	-0.919998 	1.293585 	-0.616332 	0.952564 	-1.068916 	
-14.359330 	-2.420567 	-10.294659 	-0.612470 	-2.195060 	-2.517429 	-0.629684 	-0.810279 	1.871099 	0.514609 	0.464387 	-1.366253 	
-16.019026 	-1.765174 	-5.708096 	2.022786 	-1.252314 	-2.876742 	-1.574075 	-0.697333 	3.679673 	1.007889 	-0.108624 	-2.493993 	
-18.960335 	-4.363809 	-5.725305 	1.220627 	-1.089059 	-1.372784 	-1.673799 	-2.185797 	2.618572 	0.245799 	0.659740 	-1.050755 	
-15.236113 	-4.258804 	-9.818608 	-0.738474 	-1.069863 	-0.979418 	0.079536 	-0.674906 	1.741969 	-0.410012 	0.956813 	-0.787713 	
-14.887001 	-2.571360 	-10.235455 	-1.426891 	-2.076158 	-2.664695 	-1.406542 	-0.866781 	1.745878 	-0.036815 	0.928621 	-1.961685 	
-18.270758 	-2.247924 	-6.517519 	0.085912 	-0.652694 	-3.563717 	-2.712349 	-0.174767 	2.638483 	1.164387 	0.386368 	-3.022595 	
-20.829346 	-3.759041 	-6.263523 	1.320624 	-0.316650 	-1.052546 	-1.482753 	-2.092226 	1.966354 	0.562172 	0.312767 	-1.166392 	
-17.259288 	-5.241646 	-10.430135 	-0.828243 	-2.235217 	-0.768264 	0.047350 	-1.115198 	1.987711 	-0.466793 	0.927669 	-0.708403 	
-16.940080 	-3.346724 	-9.968931 	-0.863658 	-3.101268 	-2.029123 	-1.302116 	-1.722685 	2.016641 	0.003421 	0.649998 	-2.037156 	
-20.662318 	-2.051531 	-7.234684 	0.906952 	-1.244168 	-2.036126 	-1.418212 	-1.416353 	2.515383 	1.139948 	0.560503 	-2.467278 	
-25.475255 	-4.110825 	-7.747189 	1.561712 	-0.294502 	0.155440 	-0.584576 	-2.563997 	1.581141 	-0.167590 	0.610204 	-2.202647 	
-22.240525 	-3.271967 	-10.463861 	-0.197378 	-1.770189 	-0.210426 	0.134296 	-1.663856 	1.697445 	-0.180103 	0.640841 	-0.971612 	
-23.328063 	-2.763469 	-10.861610 	-1.678859 	-3.263288 	-1.917753 	-0.923409 	-2.848082 	1.245887 	0.272161 	0.710767 	-1.990957 	
-27.714535 	-0.827888 	-8.842586 	-0.686644 	-0.801008 	-0.845597 	-0.363818 	-1.679555 	1.048238 	1.711846 	1.519693 	-2.052259 	
-30.456911 	-2.725970 	-7.896936 	0.567496 	0.537707 	0.786743 	0.405262 	-2.070664 	1.028263 	1.023665 	1.025289 	-1.574369 	
-28.417321 	-2.935412 	-11.454673 	-1.123862 	-2.150842 	-0.483538 	-0.104275 	-1.575808 	1.362567 	0.138863 	0.737119 	-1.105358 	
-28.694534 	-2.801352 	-9.261644 	-1.872544 	-2.903366 	-0.466333 	-0.711958 	-2.067147 	1.823715 	0.899664 	0.820034 	-1.673795 	
-31.409863 	-3.243432 	-6.334524 	-0.149234 	-2.264163 	1.161284 	-0.754573 	-2.816795 	2.701812 	0.824359 	0.552429 	-1.219917 	
-30.866193 	-5.136366 	-7.884617 	2.090184 	-1.085555 	1.232405 	0.180930 	-1.566600 	1.389991 	-0.634654 	1.010204 	-0.471908 	
-25.805561 	-3.067313 	-11.161954 	-0.687513 	-1.497334 	-0.636156 	0.171389 	-0.162827 	1.423814 	0.078592 	1.391890 	-1.188925 	
-26.969444 	-2.900168 	-9.548836 	0.057966 	-3.105431 	-0.719932 	-0.926226 	-0.785725 	2.201940 	1.060126 	0.384069 	-1.668855 	
-29.279447 	-5.235687 	-7.081065 	2.276420 	-2.594311 	-0.158369 	-0.644546 	-1.448069 	3.540640 	0.324827 	0.584776 	-1.810716 	
-25.253606 	-3.412043 	-8.367149 	3.109318 	-1.524731 	1.189879 	0.318592 	-1.221291 	1.984244 	-1.292300 	0.901313 	-0.602662 	
-19.599920 	-2.576183 	-11.957129 	2.232043 	-3.086895 	0.605879 	-0.320261 	-1.125350 	2.388614 	-0.644865 	1.047981 	-1.082656 	
-22.998987 	-3.433853 	-12.672798 	1.033552 	-4.482834 	-2.481244 	-2.288618 	-2.465660 	2.619017 	-0.558938 	0.483907 	-2.400937 	
-25.635456 	-2.764066 	-8.802768 	4.375551 	-1.465866 	-0.677636 	-1.836020 	-0.742969 	3.538655 	1.082279 	0.676715 	-2.304639 	
-23.087384 	-2.661637 	-8.463980 	3.773948 	-1.024444 	0.815338 	-0.123000 	-1.479982 	1.730583 	-0.379870 	0.622339 	-0.678450 	
-19.081397 	-1.742342 	-12.823055 	2.431571 	-2.656043 	-0.025638 	-0.237746 	-1.128157 	2.688377 	-0.852194 	1.317180 	-1.472300 	
-21.515245 	-2.413335 	-12.148555 	1.604579 	-3.362958 	-2.124328 	-1.881413 	-1.810422 	3.373860 	-0.268466 	0.523846 	-2.445598 	
-23.499973 	-2.930561 	-8.143172 	4.230752 	-0.779340 	-0.439903 	-2.020267 	-1.198633 	3.956968 	0.783844 	0.392277 	-2.120839 	
-24.094230 	-3.970330 	-9.429568 	3.568425 	-0.023759 	1.048181 	-0.201139 	-1.874714 	1.989728 	-0.679724 	0.920598 	-1.164932 	
-20.407728 	-3.707777 	-14.361364 	0.393934 	-3.632718 	-1.561832 	-1.043678 	-1.561361 	1.525894 	-1.176595 	1.077586 	-1.406648 	
-20.304003 	-2.388280 	-12.022607 	1.650213 	-3.343115 	-2.099880 	-1.148380 	-1.763535 	3.091465 	-0.051797 	0.557648 	-2.036276 	
-24.058021 	-3.401951 	-9.191752 	3.240571 	-1.555740 	-1.637760 	-2.025127 	-1.085830 	4.459149 	0.605993 	0.208643 	-2.735730 	
-24.761342 	-3.789979 	-8.769110 	3.411492 	-0.471905 	1.193735 	-0.978286 	-1.679723 	2.380263 	-0.349500 	0.835312 	-1.271714 	
-19.877298 	-1.087677 	-13.603226 	2.386551 	-2.049364 	-0.205406 	-0.190065 	-0.879207 	2.238322 	-1.136913 	1.687707 	-1.548535 	
-19.223453 	-0.734365 	-13.056763 	1.820653 	-2.617480 	-1.537848 	-1.252061 	-1.262615 	2.941526 	-0.385170 	1.314449 	-2.394008 	
-22.066920 	-2.011262 	-10.175228 	2.984690 	-1.526331 	-0.932098 	-2.028923 	-0.962410 	3.957511 	0.986317 	0.622270 	-2.249410 	
-25.350436 	-2.962472 	-9.538347 	3.557555 	-0.322762 	0.679132 	-1.539883 	-2.590096 	4.156211 	0.106457 	0.423106 	-1.313782 	
-22.568317 	-2.491062 	-12.140289 	1.833113 	-1.075098 	0.539094 	0.319777 	-1.325314 	1.917042 	-0.295222 	0.530428 	-0.884550 	
-21.024363 	-1.171378 	-13.846043 	0.464435 	-2.183959 	-1.491309 	-0.739409 	-1.517256 	2.016072 	-0.333997 	1.182805 	-1.826131 	
-23.898953 	-0.979727 	-11.526533 	1.913546 	-1.303937 	-1.579007 	-1.266385 	-1.113619 	2.793813 	0.985938 	1.038969 	-2.370589 	
-28.560353 	-4.037331 	-11.770899 	1.861998 	-0.524716 	-0.913883 	-0.733710 	-1.289144 	2.712643 	2.014545 	0.794374 	-1.240060 	
-29.354110 	-4.331136 	-10.505122 	2.605350 	-0.115037 	0.559109 	-0.192734 	-2.158287 	1.573346 	0.864719 	0.523625 	-0.618921 	
-24.955689 	-2.798912 	-13.866623 	0.893942 	-2.514437 	-0.688392 	-0.129160 	-1.174834 	1.440068 	0.191124 	0.563761 	-0.669809 	
-25.698475 	-1.930648 	-12.848107 	1.771878 	-3.202607 	-1.288863 	-0.780833 	-1.892160 	2.488087 	0.366362 	0.571527 	-1.647263 	
-30.052261 	-4.419383 	-11.464539 	0.953054 	-2.196613 	-1.450688 	-1.284332 	-1.956671 	1.825396 	0.707702 	0.325989 	-1.552631 	
-34.191385 	-5.411788 	-9.675911 	2.848865 	-0.297247 	0.478683 	-0.307800 	-1.943521 	2.320889 	0.985551 	0.839272 	-0.991191 	
-32.366901 	-5.140135 	-11.306587 	0.438433 	-1.950753 	0.243445 	0.728682 	-0.890337 	1.688911 	0.005955 	0.543310 	0.113551 	
-29.411001 	-3.231255 	-13.185273 	-0.894601 	-3.463614 	-1.572023 	-0.696153 	-2.124034 	1.516192 	-0.387580 	0.254671 	-0.766020 	
-32.683106 	-2.291711 	-10.164805 	-1.012116 	-1.939790 	-1.744822 	-1.358845 	-1.599809 	1.727386 	0.806315 	0.358835 	-1.588889 	
-36.961985 	-5.163632 	-8.320558 	-0.332508 	-0.760376 	0.002888 	-0.772829 	-2.524213 	1.581044 	1.620026 	-0.060870 	-0.381509 	
-38.749289 	-4.742373 	-5.154188 	0.890231 	0.619781 	1.650717 	-0.399167 	-2.296756 	1.125409 	1.239665 	-0.524701 	-0.337877 	
-35.019026 	-4.315675 	-9.385111 	-1.335238 	-1.355019 	-0.075477 	0.319972 	-0.190090 	0.794714 	0.461919 	0.157684 	0.152214 	
-33.460304 	-3.579522 	-9.364750 	-2.379808 	-2.675399 	-0.912064 	-0.833211 	-0.843330 	1.065499 	0.854981 	0.090245 	-0.746969 	
-36.853520 	-2.547331 	-5.321831 	-0.801037 	-2.145023 	0.678250 	-0.853538 	-1.358941 	2.543633 	1.810516 	-0.090375 	-1.060419 	
-40.773944 	-7.672249 	-5.593053 	0.114650 	-2.546630 	0.533399 	-0.714253 	-1.500735 	2.233916 	1.965116 	0.169799 	-1.205478 	
-37.353197 	-7.635298 	-8.006521 	0.907945 	-0.952686 	1.329641 	0.076186 	-0.285184 	0.828800 	0.131552 	-0.611107 	-0.039973 	
-28.166552 	-5.709536 	-12.175041 	-1.805975 	-2.847645 	-1.162990 	-1.355452 	-0.762410 	0.291113 	-0.059428 	-0.182734 	-0.592136 	
-26.903843 	-4.584233 	-10.089880 	-1.530486 	-2.978197 	-1.117224 	-2.084409 	-0.442169 	1.161727 	0.976378 	-0.253900 	-1.113609 	
-30.420679 	-5.738995 	-7.260295 	0.239381 	-2.281668 	-0.574945 	-2.803479 	-0.647722 	2.669357 	1.657990 	-0.628250 	-1.251601 	
-34.727872 	-9.401856 	-8.088493 	0.971511 	-1.116509 	0.022006 	-1.524855 	-1.658473 	2.071264 	1.935250 	-0.760883 	-0.337522 	
-30.043950 	-6.154041 	-8.827066 	1.022597 	-0.482569 	1.171037 	-0.366695 	-0.235125 	0.639459 	-0.306281 	-0.155689 	-0.331912 	
-23.229513 	-3.542005 	-12.475555 	-0.047057 	-2.559741 	-0.350930 	-1.428798 	0.045096 	1.049129 	0.043660 	0.539161 	-0.849286 	
-23.241744 	-2.893027 	-10.771465 	0.754731 	-2.605914 	-1.286957 	-2.257822 	-0.249445 	2.009224 	0.708208 	0.125672 	-1.693257 	
-26.761254 	-5.040430 	-8.698185 	2.691905 	-2.058993 	-0.428189 	-3.182936 	-0.294539 	2.961735 	1.143480 	-0.279070 	-2.081065 	
-30.556585 	-7.850500 	-8.033454 	4.258434 	-0.733139 	0.509698 	-2.660539 	-1.683523 	2.980968 	1.153883 	-0.140844 	-1.142132 	
-24.607220 	-2.476354 	-8.154483 	2.668422 	-0.538182 	0.921873 	-0.529868 	-0.491031 	1.068241 	-0.200339 	0.056288 	-0.048793 	
-19.791745 	-2.490756 	-12.182033 	0.757567 	-2.198355 	-0.613946 	-0.960571 	-0.619127 	1.528421 	0.484756 	-0.386643 	-0.202628 	
-20.762536 	-1.710477 	-10.411735 	2.305896 	-2.763193 	-0.990923 	-2.272137 	-0.860384 	2.676641 	1.488186 	-1.168648 	-1.008700 	
-23.418677 	-2.599224 	-8.903694 	4.001267 	-1.153369 	-0.345663 	-1.762049 	-1.093004 	3.109744 	2.061358 	-1.012490 	-0.740944 	
-26.257152 	-5.000741 	-8.774117 	3.350395 	-0.812748 	0.493090 	-2.565708 	-0.475580 	2.052571 	1.386007 	-1.264088 	-0.880487 	
-22.468211 	-2.923784 	-8.100337 	2.637968 	-0.706786 	1.222538 	-0.837205 	-0.230548 	1.097525 	-0.068581 	0.069258 	-0.270405 	
-17.750747 	-2.200875 	-11.329467 	0.807573 	-1.227456 	-0.587693 	-1.137396 	0.146422 	1.288131 	0.446121 	0.129655 	-0.568234 	
-20.616681 	-2.572874 	-11.408684 	0.061730 	-2.094561 	-3.270220 	-3.662914 	-0.604820 	1.780871 	0.263063 	-0.203080 	-2.159350 	
-22.026832 	-3.183218 	-8.026241 	3.931289 	-0.809113 	-0.443640 	-3.675121 	-0.063101 	3.428897 	1.285390 	-0.168668 	-1.712357 	
-24.002601 	-5.534886 	-7.712113 	4.797276 	-0.255213 	0.998464 	-2.824933 	-1.333841 	3.374497 	0.378880 	-0.798321 	-0.993158 	
-22.831403 	-4.430247 	-8.167161 	2.619482 	-0.285078 	1.044787 	-0.750726 	-1.093107 	2.199492 	-0.182770 	-0.321013 	-0.268416 	
-18.438247 	-3.746811 	-12.373347 	0.095765 	-1.837061 	-1.543857 	-1.325602 	-0.695646 	1.772547 	-0.208935 	-0.172913 	-0.362878 	
-18.932130 	-3.301033 	-10.931429 	1.238758 	-2.855971 	-2.372151 	-3.027549 	-0.730707 	2.489970 	0.715262 	-1.254373 	-0.923078 	
-21.619054 	-3.785187 	-7.928851 	3.852823 	-1.044355 	-1.688437 	-2.838534 	-0.910348 	4.173928 	1.287395 	-1.671627 	-0.828370 	
-26.593392 	-6.854646 	-8.798677 	3.674145 	-0.841329 	-0.181118 	-3.146873 	-1.097561 	2.875857 	0.294584 	-1.174498 	-0.972342 	
-24.533062 	-4.986975 	-6.592559 	3.490088 	0.146974 	1.470870 	-0.991292 	-0.825720 	1.139845 	-0.621511 	-0.250183 	-0.044039 	
-19.438451 	-3.827916 	-11.688760 	0.488825 	-1.671166 	-0.713730 	-1.208441 	0.429946 	1.454095 	0.468490 	-0.433704 	0.447963 	
-19.809271 	-2.772225 	-11.095139 	0.045293 	-2.382480 	-3.206750 	-2.213925 	-0.742991 	1.992524 	0.338138 	-1.262446 	-0.182153 	
-21.755080 	-2.580167 	-6.482491 	1.968697 	-0.632598 	-1.998151 	-2.245417 	-0.267251 	3.037055 	0.133409 	-0.956592 	-0.656808 	
-27.226261 	-5.667539 	-5.792716 	1.796600 	-0.227085 	0.044477 	-2.730742 	0.623016 	2.020678 	-0.803214 	-1.005993 	-0.914336 	
-28.198537 	-6.093580 	-5.177911 	3.082165 	-1.204111 	0.892007 	-1.830689 	0.202794 	1.476998 	-0.181947 	-0.492485 	0.149034 	
-21.416998 	-5.238600 	-10.862831 	0.141485 	-2.354793 	-0.760098 	-0.510566 	0.087437 	1.407059 	-0.519508 	-0.133822 	0.380058 	
-18.806433 	-3.948460 	-10.682074 	-0.759447 	-3.428124 	-2.824201 	-1.703565 	-0.104329 	1.462323 	-0.896819 	-0.340131 	0.151002 	
-22.334896 	-3.104375 	-6.796671 	1.262106 	-2.252574 	-3.649781 	-3.056307 	1.616573 	2.428519 	-0.112579 	-0.509796 	-1.207765 	
-28.103537 	-5.036443 	-6.703015 	1.617108 	-1.362782 	-2.763408 	-3.221271 	1.488708 	1.994088 	-0.215564 	0.120767 	-0.882240 	
-30.665659 	-6.906103 	-6.230529 	1.343520 	-1.552534 	-1.857278 	-0.421604 	1.195658 	2.425068 	-0.744089 	0.336696 	0.389908 	
-26.019643 	-4.992002 	-7.866517 	0.590187 	-1.566799 	0.314951 	0.001038 	1.062951 	1.663370 	-0.966802 	0.709615 	0.128308 	
-21.465222 	-2.885970 	-10.416157 	-0.856807 	-3.039727 	-2.133434 	-0.350608 	1.348817 	1.724931 	-1.338127 	0.552412 	0.534603 	
-23.381864 	-2.602692 	-9.193799 	-1.624412 	-3.468433 	-3.553987 	-0.527215 	1.349454 	2.094530 	-1.621324 	0.387266 	0.231223 	
-26.550323 	-3.283694 	-7.641626 	0.399350 	-1.191846 	-3.191613 	-0.214764 	2.163619 	2.483725 	-1.473883 	0.491022 	0.528267 	
-30.247546 	-5.190690 	-7.416574 	1.494436 	-0.930430 	-1.850474 	0.081436 	1.838920 	2.978638 	-1.696410 	-0.108575 	0.784041 	
-30.137238 	-3.851045 	-5.230527 	2.700910 	-0.282858 	-0.954457 	-0.088802 	0.204434 	2.230946 	-1.713972 	-0.689211 	0.699005 	
-25.295271 	-2.859302 	-9.859109 	-1.065631 	-2.440739 	-1.596118 	0.454263 	1.499071 	1.452724 	-0.947479 	0.638920 	0.760794 	
-25.586130 	-1.121128 	-10.517752 	-1.679082 	-3.363578 	-4.068664 	0.931347 	2.351624 	1.040681 	-1.838058 	0.388476 	1.464913 	
-27.588646 	-0.799076 	-6.917261 	-0.786644 	-1.670932 	-2.959427 	1.747229 	3.199130 	1.167531 	-2.322810 	0.498693 	1.410464 	
-33.317135 	-2.872459 	-5.620970 	-0.996652 	-2.187099 	-0.860085 	2.214606 	1.773670 	1.700474 	-2.932014 	-0.372641 	1.646571 	
-36.747306 	-3.918198 	-4.881327 	-0.374440 	-1.632334 	-0.215093 	1.674150 	1.630465 	1.483351 	-2.779742 	-0.695412 	1.436087 	
-32.097449 	-1.744000 	-9.467861 	-2.142264 	-1.459295 	-0.803378 	0.374875 	1.977425 	1.163083 	-0.817415 	1.087754 	0.357876 	
-29.245902 	-0.065084 	-10.903743 	-3.806316 	-2.968383 	-3.536223 	0.378393 	2.083618 	-0.027238 	-1.833389 	0.948812 	0.885976 	
-31.376521 	0.387102 	-8.735998 	-2.865772 	-3.005177 	-3.760277 	1.026884 	3.454064 	-0.771534 	-2.392160 	1.880300 	1.824005 	
-34.962538 	-0.560023 	-7.190883 	-2.418059 	-2.660815 	-2.213094 	1.283053 	4.327599 	-0.773827 	-2.571565 	2.204485 	1.623611 	
-38.933323 	-2.871727 	-7.137475 	-2.822761 	-1.216890 	-0.973772 	2.137630 	3.970401 	-0.881029 	-2.763365 	1.474644 	1.185938 	
-36.181827 	-0.550394 	-7.630816 	-1.834948 	-0.022540 	-0.274375 	0.971897 	1.142319 	-0.022570 	-0.797727 	0.584894 	0.032168 	
-31.009861 	0.812238 	-10.354013 	-4.266108 	-1.299170 	-2.509922 	0.741724 	1.815929 	-0.132762 	-1.177264 	1.287098 	0.120027 	
-32.803213 	1.264876 	-9.230043 	-4.728788 	-3.154812 	-3.475263 	1.753579 	2.185838 	-0.827576 	-2.225107 	1.573083 	1.294803 	
-35.826028 	0.642154 	-6.805332 	-3.443059 	-2.979256 	-0.467327 	2.385346 	3.431642 	-0.962698 	-1.474384 	1.656803 	1.542751 	
-39.116874 	-1.343929 	-6.190506 	-2.820857 	-2.250071 	0.119094 	3.732036 	2.462568 	-0.912737 	-2.875627 	0.417953 	1.213023 	
-40.154922 	-1.208377 	-6.521312 	-3.205838 	-0.357703 	0.800704 	2.570659 	0.785244 	0.101622 	-1.839873 	-0.195519 	0.045853 	
-32.268533 	0.370855 	-9.928579 	-3.075215 	-0.808255 	-1.152574 	0.536242 	1.706664 	0.181581 	-0.734023 	1.128852 	0.071649 	
-32.473021 	0.669506 	-10.880112 	-5.335218 	-3.188036 	-3.283082 	0.290204 	1.861402 	-1.065881 	-1.327336 	1.021643 	0.420816 	
-36.233819 	0.296495 	-7.341879 	-4.232862 	-3.719099 	-2.618186 	2.227739 	2.151074 	-1.266989 	-1.266123 	1.578614 	1.568913 	
-39.630421 	0.506340 	-5.068976 	-2.232780 	-2.757773 	-1.000002 	3.113187 	2.228414 	-1.298710 	-1.777233 	0.570934 	1.723101 	
-43.934005 	-3.217903 	-5.742977 	-2.755434 	-2.175462 	-0.823134 	3.556293 	1.790270 	-0.485964 	-1.730585 	-0.228479 	1.841548 	
-37.994701 	-1.688768 	-10.373336 	-3.110790 	0.093646 	-1.796644 	1.651819 	0.884532 	0.369757 	0.434185 	0.610243 	0.573663 	
-34.271693 	-0.324831 	-12.633981 	-5.200517 	-2.376398 	-3.885895 	0.970744 	0.844086 	-0.754203 	-0.756530 	0.687351 	0.139260 	
-37.951130 	0.588693 	-9.399968 	-5.343026 	-3.223336 	-4.518857 	2.494179 	2.027385 	-1.789118 	-1.551405 	1.568376 	0.996252 	
-41.674560 	-0.233529 	-6.928959 	-3.650679 	-1.743241 	-2.455082 	3.808830 	2.262126 	-1.162335 	-1.331549 	1.430332 	1.241269 	
-46.685318 	-3.864754 	-6.257314 	-3.636822 	-2.434254 	-0.855579 	3.884139 	2.514517 	-1.277865 	-1.688637 	0.638238 	1.368181 	
-43.343736 	-2.493037 	-7.554924 	-2.128460 	-0.592694 	-0.527249 	0.577460 	0.338204 	-0.121909 	-0.092453 	0.139639 	-0.102445 	
-36.059959 	-0.476985 	-11.525891 	-4.425672 	-1.855903 	-2.197318 	0.743163 	1.538726 	-0.635966 	-0.086819 	0.768874 	0.013019 	
-36.904608 	1.197299 	-9.904081 	-5.193546 	-2.313749 	-2.947065 	1.864149 	2.127093 	-1.226728 	-0.754421 	1.855969 	0.207636 	
-40.960179 	-0.528098 	-7.611360 	-4.920105 	-2.562682 	-2.418273 	2.889549 	1.580206 	-1.380041 	-0.998264 	1.901616 	0.955569 	
-45.040399 	-2.540253 	-6.916477 	-4.259575 	-1.966882 	-0.099948 	3.144058 	2.711170 	-1.288139 	-1.203049 	1.770465 	0.399354 	
-45.767558 	-0.604668 	-3.317712 	-1.892218 	-0.800239 	0.922755 	2.308041 	1.126842 	-1.437661 	-1.474674 	0.563282 	0.140720 	
-39.615150 	-1.108526 	-10.470613 	-3.374342 	-1.253001 	-1.360205 	0.534597 	1.190292 	-0.431222 	-0.376057 	0.656916 	-0.234754 	
-36.798157 	0.733863 	-10.313406 	-4.974080 	-2.100167 	-2.182848 	0.932441 	2.184721 	-1.327036 	-0.439184 	1.424925 	-0.007379 	
-40.135704 	2.350773 	-6.795288 	-4.393264 	-1.602608 	-2.059806 	2.562188 	2.067928 	-2.022130 	-0.263153 	2.092549 	0.629195 	
-44.978906 	-0.332256 	-6.784783 	-4.833839 	-2.308876 	-0.930804 	1.978614 	1.603982 	-2.020097 	-1.095585 	1.769818 	0.264535 	
-48.120062 	-1.541870 	-4.162199 	-4.058167 	-1.401269 	1.302836 	2.624773 	1.502265 	-1.935394 	-1.109693 	0.402654 	0.506366 	
-45.342917 	-3.591901 	-7.996103 	-3.683663 	-0.528944 	-0.165368 	0.436939 	1.485734 	-0.483799 	-0.120488 	0.413521 	-0.029584 	
-38.795134 	-0.418475 	-9.264448 	-4.469405 	-1.254802 	-0.953173 	0.956378 	2.390323 	-0.432956 	-0.104914 	1.590133 	-0.119825 	
-42.237529 	-0.921827 	-8.936349 	-7.250038 	-3.391718 	-3.029697 	0.948791 	0.812874 	-2.035454 	-0.890093 	1.622130 	0.265149 	
-45.810416 	-1.198375 	-6.114136 	-6.536546 	-2.247660 	-0.917542 	2.016150 	1.034006 	-1.565389 	-0.131648 	2.072794 	0.418372 	
-47.133985 	-1.390966 	-3.956716 	-3.893064 	-1.381475 	1.088356 	2.793708 	0.787449 	-1.416950 	-0.647957 	0.757758 	0.730704 	
-49.221730 	-4.483266 	-5.905278 	-3.470602 	-0.753396 	0.791951 	2.243837 	0.901414 	-1.291703 	-0.692107 	0.114455 	0.554334 	
-42.570155 	-1.526143 	-8.663739 	-4.377595 	-0.552767 	-1.215494 	0.981660 	1.374010 	-0.769800 	0.099375 	0.571612 	0.110275 	
-43.146272 	-1.396162 	-9.420719 	-7.308056 	-2.531225 	-2.826985 	0.484678 	1.344005 	-1.877450 	-0.614069 	1.592886 	-0.150536 	
-46.748664 	-0.479880 	-6.221839 	-6.276785 	-2.065512 	-1.334648 	1.595075 	0.873577 	-1.629809 	-0.207906 	2.445895 	0.276092 	
-49.123098 	-2.019213 	-5.292319 	-4.033713 	-1.858125 	0.613465 	2.357988 	0.825701 	-0.983113 	-0.817139 	1.731642 	0.522945 	
-52.491343 	-4.589140 	-6.363601 	-4.434890 	-2.236992 	0.099938 	2.534375 	1.616819 	-0.906992 	-1.143029 	1.119228 	0.893090 	
-47.685195 	-3.613886 	-7.499878 	-4.356763 	-0.328374 	0.018061 	0.430661 	1.616412 	-0.343530 	-0.144521 	1.234773 	-0.093636 	
-43.321918 	-1.295537 	-8.225745 	-5.981444 	-1.431561 	-1.498506 	0.930272 	1.711226 	-0.785403 	-0.234846 	1.176215 	0.054897 	
-48.117082 	-1.476227 	-6.956941 	-7.556623 	-3.547955 	-2.294576 	1.050751 	0.614312 	-1.679691 	-0.700452 	1.330574 	0.752320 	
-51.845009 	-1.976629 	-4.218933 	-6.149761 	-2.850440 	0.068428 	1.728113 	0.568627 	-1.147079 	-0.597197 	0.932523 	0.769989 	
-54.275383 	-3.400466 	-2.638825 	-3.225400 	-1.909010 	1.360243 	2.747066 	0.613689 	-1.338898 	-0.772496 	0.035744 	0.841865 	
-52.249087 	-4.595058 	-4.438738 	-2.107340 	0.570391 	0.641372 	0.370665 	1.031748 	-0.503716 	-0.296150 	0.195480 	-0.011572 	
-46.277675 	-4.158057 	-9.916981 	-5.096310 	-2.361620 	-1.714495 	-0.218122 	1.039019 	-0.710969 	-0.236804 	0.499841 	0.091399 	
-47.949073 	-3.491527 	-8.664352 	-6.717029 	-3.728529 	-2.986152 	-0.241225 	0.761422 	-1.254689 	-0.822329 	0.874011 	0.283761 	
-51.567703 	-3.559231 	-3.124012 	-3.192833 	-2.537174 	-0.679602 	1.218072 	0.496822 	0.143272 	1.071708 	0.880725 	1.288100 	
-51.155859 	-5.505426 	-5.713940 	-3.511106 	-1.327380 	0.024619 	1.279880 	0.702767 	0.772662 	1.168515 	-0.864517 	0.347706 	
-49.556982 	-5.058180 	-6.515061 	-4.507229 	-1.203715 	-0.310692 	0.587043 	0.633878 	0.193536 	-0.079995 	-0.150234 	0.222221 	
-48.891304 	-3.968067 	-6.765331 	-4.109201 	-1.154639 	-1.074927 	-0.649760 	0.425049 	0.833918 	0.506254 	-0.013732 	0.471355 	
-49.467139 	-3.428723 	-6.851951 	-5.059926 	-0.453586 	-0.546202 	0.289115 	1.445164 	0.543121 	-0.388231 	-0.755416 	0.902814 	
-51.077338 	-5.026861 	-6.856708 	-3.961495 	-0.999869 	0.462427 	0.623074 	1.407995 	-0.061431 	-0.603093 	0.222858 	1.104631 	
-51.411624 	-5.599408 	-6.047351 	-3.198478 	-0.579586 	-0.171881 	0.810474 	0.931049 	-0.555554 	0.118869 	0.106111 	-0.090820 	
-51.763397 	-4.722810 	-5.567253 	-3.962115 	-1.494866 	-0.414943 	0.112660 	0.651039 	0.986013 	0.355888 	0.101403 	0.394767 	
-53.237204 	-5.917199 	-5.873552 	-3.116672 	-1.651870 	-1.251390 	-0.100375 	0.927839 	1.013340 	0.447080 	-0.627261 	0.342917 	
-55.709686 	-7.251037 	-5.817687 	-4.277206 	-2.671005 	-1.652767 	0.076174 	1.652601 	1.144865 	0.437329 	-0.456709 	0.388844 	
-55.657604 	-6.218824 	-4.289855 	-3.005835 	-1.262078 	0.305405 	1.358341 	0.885269 	0.360386 	0.527741 	-0.654655 	-0.136260 	
-59.259236 	-7.536337 	-4.139506 	-2.248342 	-1.176742 	0.171574 	-0.050370 	1.581406 	0.830205 	0.596475 	-0.641812 	0.268240 	
-60.309307 	-9.538122 	-4.836120 	-2.367989 	-0.668282 	1.066417 	-0.114298 	1.049706 	0.184992 	-0.113662 	0.642778 	0.904631 	
-60.776938 	-8.955587 	-4.574257 	-3.696534 	-1.570014 	0.489652 	-0.095527 	0.591391 	0.876383 	-0.209625 	0.323266 	0.397645 	
-60.483383 	-10.211586 	-4.833891 	-3.508212 	-1.453439 	-0.608053 	-0.431336 	0.793244 	1.483016 	1.648944 	0.362418 	0.225051 	
-61.540821 	-10.582142 	-4.906200 	-3.296845 	-1.117098 	-0.775124 	-0.363776 	0.683157 	0.969331 	0.931137 	0.066103 	0.688866 	
-61.751070 	-10.392237 	-5.081413 	-2.557068 	-0.970465 	-0.188448 	-0.126931 	0.504672 	0.705908 	0.149603 	0.123479 	1.170781 	
-63.270196 	-8.502454 	-3.814695 	-2.393974 	-1.108773 	-1.145618 	-0.452413 	1.385371 	1.678164 	0.380417 	-0.127275 	0.272976 	
-62.080908 	-10.236530 	-5.262321 	-2.241894 	-0.340733 	-0.064289 	0.127008 	1.452051 	0.025975 	-0.598569 	0.645804 	0.908362 	
-59.838751 	-9.546219 	-4.610233 	-2.830744 	-0.568339 	0.035464 	0.382398 	1.024474 	0.285733 	0.457561 	0.296993 	0.599879 	
-59.674522 	-9.214467 	-5.058249 	-3.881043 	-1.902565 	-0.055551 	0.924695 	0.491363 	0.571822 	1.158779 	-0.156817 	-0.117209 	
-62.529302 	-10.122999 	-3.888856 	-3.222786 	-1.147395 	-0.469515 	1.197690 	0.880820 	1.057953 	0.562715 	-0.353556 	-0.619459 	
-62.507516 	-9.029171 	-3.238799 	-2.618453 	-0.502117 	-0.143649 	0.248394 	1.080899 	0.931810 	0.175049 	-0.040975 	0.096950 	
-61.255328 	-8.917376 	-3.956381 	-3.160820 	-0.141874 	0.346181 	-0.252794 	1.505341 	0.492657 	0.182051 	0.376614 	-0.169586 	
-62.085314 	-9.620257 	-4.759175 	-2.842314 	-0.857449 	-0.418177 	0.821200 	1.514500 	0.595873 	-0.097284 	-0.078499 	-0.018311 	
-63.534709 	-10.318474 	-5.570692 	-4.009799 	-2.213775 	-0.200382 	0.810770 	0.845237 	0.529008 	0.577181 	0.694380 	0.201559 	
-62.137850 	-8.202821 	-3.823235 	-2.993911 	-1.057456 	0.253408 	1.252193 	0.594544 	0.220175 	0.540083 	0.015052 	0.486100 	
-65.597552 	-8.380235 	-3.961743 	-3.349357 	-0.895737 	-0.105111 	0.436219 	0.256387 	0.943403 	0.607137 	0.205465 	0.501723 	
-65.658938 	-10.025181 	-4.330782 	-2.880066 	-1.616035 	-0.260632 	-0.134639 	0.571955 	1.230143 	0.598638 	-0.192892 	0.936746 	
-64.706761 	-11.263658 	-5.446670 	-4.124271 	-1.303471 	-0.425294 	-0.929068 	0.883058 	1.256600 	0.586069 	0.144746 	0.445103 	
-63.802952 	-11.530683 	-5.752681 	-3.208577 	0.393596 	-0.375940 	-0.103712 	1.185368 	0.359124 	0.320644 	0.078997 	-0.274017 	
-65.159920 	-12.014071 	-6.151602 	-1.975603 	-1.041532 	-0.522192 	-0.167160 	0.805887 	1.780916 	0.821777 	-0.316732 	-0.392034 	
-66.503956 	-11.782328 	-5.245409 	-1.560876 	-1.531656 	1.021865 	0.239453 	0.285968 	0.288886 	0.538521 	0.666335 	0.078548 	
-63.403495 	-10.351130 	-4.293262 	-1.095639 	-0.494567 	1.211226 	1.156819 	0.995474 	-0.259384 	-0.589976 	-0.264308 	0.050003 	
-64.846833 	-13.225629 	-6.569631 	-3.353113 	-1.231201 	0.553201 	0.789915 	1.095480 	0.558572 	0.500501 	-0.100231 	0.842150 	
-64.659262 	-10.083906 	-5.344493 	-3.336454 	-2.268526 	-0.245819 	1.076322 	1.551235 	0.345987 	0.153053 	0.242195 	0.003871 	
-65.565445 	-7.817324 	-3.919835 	-2.046208 	0.015642 	-0.218059 	-0.040822 	1.094509 	1.039706 	-0.064013 	-0.415095 	-0.017171 	
-67.691542 	-10.176044 	-5.329855 	-4.054957 	-0.776390 	-1.569434 	-0.188160 	0.918311 	2.511010 	0.700401 	-0.626169 	0.338490 	
