 7.5197

    7.3126

    7.7899

    7.3765

    7.9345

    7.4955

    7.6261

    7.5358

    7.7311

    7.6261

    7.8544

Training Started
Training on single GPU.
|=========================================================================================|
|     Epoch    |   Iteration  | Time Elapsed |  Mini-batch  |  Mini-batch  | Base Learning|
|              |              |  (seconds)   |     Loss     |   Accuracy   |     Rate     |
|=========================================================================================|
|            1 |            1 |         0.12 |       2.3978 |       10.00% |       0.0100 |
|           50 |           50 |         0.85 |       2.3698 |       10.00% |       0.0100 |
|          100 |          100 |         1.60 |       2.3510 |       10.00% |       0.0100 |
|          150 |          150 |         2.37 |       2.3399 |       10.00% |       0.0100 |
|          200 |          200 |         3.12 |       2.3325 |       10.00% |       0.0100 |
|          250 |          250 |         3.87 |       2.3271 |       10.00% |       0.0100 |
|          300 |          300 |         4.63 |       2.3230 |       10.00% |       0.0100 |
|          350 |          350 |         5.38 |       2.3198 |       10.00% |       0.0100 |
|          400 |          400 |         6.13 |       2.3172 |       10.00% |       0.0100 |
|          450 |          450 |         6.89 |       2.3151 |       10.00% |       0.0100 |
|          500 |          500 |         7.63 |       2.3133 |       10.00% |       0.0100 |
|          550 |          550 |         8.38 |       2.3119 |       10.00% |       0.0100 |
|          600 |          600 |         9.14 |       2.3106 |       10.00% |       0.0100 |
|          650 |          650 |         9.88 |       2.3096 |       10.00% |       0.0100 |
|          700 |          700 |        10.64 |       2.3086 |       10.00% |       0.0100 |
|          750 |          750 |        11.39 |       2.3079 |       10.00% |       0.0100 |
|          800 |          800 |        12.15 |       2.3072 |       10.00% |       0.0100 |
|          850 |          850 |        12.89 |       2.3066 |       10.00% |       0.0100 |
|          900 |          900 |        13.64 |       2.3060 |       10.00% |       0.0100 |
|          950 |          950 |        14.39 |       2.3056 |       10.00% |       0.0100 |
|         1000 |         1000 |        15.14 |       2.3051 |       10.00% |       0.0100 |
|         1050 |         1050 |        15.89 |       2.3048 |       10.00% |       0.0100 |
|         1100 |         1100 |        16.64 |       2.3044 |       10.00% |       0.0100 |
|         1150 |         1150 |        17.39 |       2.3041 |       10.00% |       0.0100 |
|         1200 |         1200 |        18.13 |       2.3038 |       10.00% |       0.0100 |
|         1250 |         1250 |        18.87 |       2.3035 |       10.00% |       0.0100 |
|         1300 |         1300 |        19.61 |       2.3032 |       10.00% |       0.0100 |
|         1350 |         1350 |        20.36 |       2.3030 |       10.00% |       0.0100 |
|         1400 |         1400 |        21.12 |       2.3027 |       10.00% |       0.0100 |
|         1450 |         1450 |        21.87 |       2.3025 |       10.00% |       0.0100 |
|         1500 |         1500 |        22.62 |       2.3023 |       10.00% |       0.0100 |
|         1550 |         1550 |        23.38 |       2.3020 |       10.00% |       0.0100 |
|         1600 |         1600 |        24.13 |       2.3018 |       10.00% |       0.0100 |
|         1650 |         1650 |        24.87 |       2.3016 |       10.00% |       0.0100 |
|         1700 |         1700 |        25.62 |       2.3014 |       10.00% |       0.0100 |
|         1750 |         1750 |        26.37 |       2.3011 |       10.00% |       0.0100 |
|         1800 |         1800 |        27.13 |       2.3009 |       10.00% |       0.0100 |
|         1850 |         1850 |        27.87 |       2.3007 |       10.00% |       0.0100 |
|         1900 |         1900 |        28.62 |       2.3004 |       10.00% |       0.0100 |
|         1950 |         1950 |        29.37 |       2.3002 |       10.00% |       0.0100 |
|         2000 |         2000 |        30.12 |       2.2999 |       10.00% |       0.0100 |
|         2050 |         2050 |        30.86 |       2.2997 |       10.00% |       0.0100 |
|         2100 |         2100 |        31.61 |       2.2994 |       10.00% |       0.0100 |
|         2150 |         2150 |        32.35 |       2.2992 |       10.00% |       0.0100 |
|         2200 |         2200 |        33.10 |       2.2989 |       10.00% |       0.0100 |
|         2250 |         2250 |        33.84 |       2.2986 |       10.00% |       0.0100 |
|         2300 |         2300 |        34.64 |       2.2983 |       10.00% |       0.0100 |
|         2350 |         2350 |        35.41 |       2.2981 |       10.00% |       0.0100 |
|         2400 |         2400 |        36.18 |       2.2978 |       10.00% |       0.0100 |
|         2450 |         2450 |        36.95 |       2.2975 |       10.00% |       0.0100 |
|         2500 |         2500 |        37.70 |       2.2972 |       10.00% |       0.0100 |
|         2550 |         2550 |        38.46 |       2.2969 |       10.00% |       0.0100 |
|         2600 |         2600 |        39.22 |       2.2967 |       10.00% |       0.0100 |
|         2650 |         2650 |        39.98 |       2.2964 |       10.00% |       0.0100 |
|         2700 |         2700 |        40.74 |       2.2961 |       10.00% |       0.0100 |
|         2750 |         2750 |        41.51 |       2.2958 |       10.00% |       0.0100 |
|         2800 |         2800 |        42.28 |       2.2955 |       10.00% |       0.0100 |
|         2850 |         2850 |        43.05 |       2.2952 |       10.00% |       0.0100 |
|         2900 |         2900 |        43.83 |       2.2949 |       10.00% |       0.0100 |
|         2950 |         2950 |        44.59 |       2.2945 |       10.00% |       0.0100 |
|         3000 |         3000 |        45.36 |       2.2942 |       10.00% |       0.0100 |
|         3050 |         3050 |        46.12 |       2.2939 |       10.00% |       0.0100 |
|         3100 |         3100 |        46.92 |       2.2936 |       10.00% |       0.0100 |
|         3150 |         3150 |        47.67 |       2.2932 |       20.00% |       0.0100 |
|         3200 |         3200 |        48.43 |       2.2929 |       20.00% |       0.0100 |
|         3250 |         3250 |        49.18 |       2.2925 |       20.00% |       0.0100 |
|         3300 |         3300 |        49.94 |       2.2922 |       20.00% |       0.0100 |
|         3350 |         3350 |        50.70 |       2.2918 |       20.00% |       0.0100 |
|         3400 |         3400 |        51.47 |       2.2915 |       30.00% |       0.0100 |
|         3450 |         3450 |        52.22 |       2.2911 |       30.00% |       0.0100 |
|         3500 |         3500 |        52.98 |       2.2907 |       30.00% |       0.0100 |
|         3550 |         3550 |        53.73 |       2.2903 |       30.00% |       0.0100 |
|         3600 |         3600 |        54.50 |       2.2899 |       20.00% |       0.0100 |
|         3650 |         3650 |        55.25 |       2.2895 |       20.00% |       0.0100 |
|         3700 |         3700 |        56.00 |       2.2891 |       20.00% |       0.0100 |
|         3750 |         3750 |        56.77 |       2.2886 |       20.00% |       0.0100 |
|         3800 |         3800 |        57.53 |       2.2882 |       20.00% |       0.0100 |
|         3850 |         3850 |        58.28 |       2.2877 |       20.00% |       0.0100 |
|         3900 |         3900 |        59.03 |       2.2873 |       20.00% |       0.0100 |
|         3950 |         3950 |        59.78 |       2.2868 |       20.00% |       0.0100 |
|         4000 |         4000 |        60.52 |       2.2863 |       20.00% |       0.0100 |
|         4050 |         4050 |        61.28 |       2.2857 |       20.00% |       0.0100 |
|         4100 |         4100 |        62.03 |       2.2852 |       20.00% |       0.0100 |
|         4150 |         4150 |        62.78 |       2.2846 |       20.00% |       0.0100 |
|         4200 |         4200 |        63.54 |       2.2840 |       20.00% |       0.0100 |
|         4250 |         4250 |        64.28 |       2.2834 |       20.00% |       0.0100 |
|         4300 |         4300 |        65.03 |       2.2828 |       20.00% |       0.0100 |
|         4350 |         4350 |        65.78 |       2.2822 |       20.00% |       0.0100 |
|         4400 |         4400 |        66.53 |       2.2815 |       20.00% |       0.0100 |
|         4450 |         4450 |        67.30 |       2.2808 |       20.00% |       0.0100 |
|         4500 |         4500 |        68.07 |       2.2800 |       20.00% |       0.0100 |
|         4550 |         4550 |        68.82 |       2.2793 |       20.00% |       0.0100 |
|         4600 |         4600 |        69.58 |       2.2784 |       20.00% |       0.0100 |
|         4650 |         4650 |        70.34 |       2.2776 |       20.00% |       0.0100 |
|         4700 |         4700 |        71.10 |       2.2767 |       20.00% |       0.0100 |
|         4750 |         4750 |        71.84 |       2.2758 |       20.00% |       0.0100 |
|         4800 |         4800 |        72.60 |       2.2748 |       20.00% |       0.0100 |
|         4850 |         4850 |        73.37 |       2.2738 |       20.00% |       0.0100 |
|         4900 |         4900 |        74.13 |       2.2727 |       20.00% |       0.0100 |
|         4950 |         4950 |        74.88 |       2.2715 |       20.00% |       0.0100 |
|         5000 |         5000 |        75.64 |       2.2703 |       20.00% |       0.0100 |
|         5050 |         5050 |        76.40 |       2.2691 |       20.00% |       0.0100 |
|         5100 |         5100 |        77.17 |       2.2677 |       20.00% |       0.0100 |
|         5150 |         5150 |        77.92 |       2.2663 |       20.00% |       0.0100 |
|         5200 |         5200 |        78.68 |       2.2648 |       20.00% |       0.0100 |
|         5250 |         5250 |        79.44 |       2.2632 |       20.00% |       0.0100 |
|         5300 |         5300 |        80.20 |       2.2615 |       20.00% |       0.0100 |
|         5350 |         5350 |        80.98 |       2.2597 |       20.00% |       0.0100 |
|         5400 |         5400 |        81.74 |       2.2578 |       20.00% |       0.0100 |
|         5450 |         5450 |        82.51 |       2.2558 |       20.00% |       0.0100 |
|         5500 |         5500 |        83.26 |       2.2537 |       20.00% |       0.0100 |
|         5550 |         5550 |        84.02 |       2.2514 |       20.00% |       0.0100 |
|         5600 |         5600 |        84.82 |       2.2490 |       20.00% |       0.0100 |
|         5650 |         5650 |        85.60 |       2.2464 |       20.00% |       0.0100 |
|         5700 |         5700 |        86.38 |       2.2437 |       20.00% |       0.0100 |
|         5750 |         5750 |        87.16 |       2.2408 |       20.00% |       0.0100 |
|         5800 |         5800 |        87.93 |       2.2378 |       20.00% |       0.0100 |
|         5850 |         5850 |        88.71 |       2.2345 |       20.00% |       0.0100 |
|         5900 |         5900 |        89.48 |       2.2311 |       20.00% |       0.0100 |
|         5950 |         5950 |        90.25 |       2.2274 |       20.00% |       0.0100 |
|         6000 |         6000 |        91.02 |       2.2235 |       20.00% |       0.0100 |
|         6050 |         6050 |        91.79 |       2.2194 |       20.00% |       0.0100 |
|         6100 |         6100 |        92.55 |       2.2150 |       20.00% |       0.0100 |
|         6150 |         6150 |        93.31 |       2.2104 |       20.00% |       0.0100 |
|         6200 |         6200 |        94.07 |       2.2056 |       20.00% |       0.0100 |
|         6250 |         6250 |        94.83 |       2.2004 |       20.00% |       0.0100 |
|         6300 |         6300 |        95.59 |       2.1950 |       20.00% |       0.0100 |
|         6350 |         6350 |        96.36 |       2.1893 |       20.00% |       0.0100 |
|         6400 |         6400 |        97.13 |       2.1834 |       20.00% |       0.0100 |
|         6450 |         6450 |        97.90 |       2.1771 |       20.00% |       0.0100 |
|         6500 |         6500 |        98.66 |       2.1705 |       20.00% |       0.0100 |
|         6550 |         6550 |        99.42 |       2.1636 |       20.00% |       0.0100 |
|         6600 |         6600 |       100.19 |       2.1564 |       20.00% |       0.0100 |
|         6650 |         6650 |       100.96 |       2.1489 |       20.00% |       0.0100 |
|         6700 |         6700 |       101.71 |       2.1411 |       20.00% |       0.0100 |
|         6750 |         6750 |       102.49 |       2.1330 |       20.00% |       0.0100 |
|         6800 |         6800 |       103.27 |       2.1246 |       20.00% |       0.0100 |
|         6850 |         6850 |       104.04 |       2.1159 |       20.00% |       0.0100 |
|         6900 |         6900 |       104.82 |       2.1069 |       20.00% |       0.0100 |
|         6950 |         6950 |       105.59 |       2.0976 |       20.00% |       0.0100 |
|         7000 |         7000 |       106.35 |       2.0881 |       20.00% |       0.0100 |
|         7050 |         7050 |       107.12 |       2.0783 |       20.00% |       0.0100 |
|         7100 |         7100 |       107.88 |       2.0682 |       20.00% |       0.0100 |
|         7150 |         7150 |       108.64 |       2.0580 |       20.00% |       0.0100 |
|         7200 |         7200 |       109.40 |       2.0475 |       20.00% |       0.0100 |
|         7250 |         7250 |       110.17 |       2.0368 |       20.00% |       0.0100 |
|         7300 |         7300 |       110.94 |       2.0260 |       20.00% |       0.0100 |
|         7350 |         7350 |       111.70 |       2.0150 |       20.00% |       0.0100 |
|         7400 |         7400 |       112.47 |       2.0039 |       20.00% |       0.0100 |
|         7450 |         7450 |       113.24 |       1.9927 |       20.00% |       0.0100 |
|         7500 |         7500 |       114.01 |       1.9814 |       20.00% |       0.0100 |
|         7550 |         7550 |       114.78 |       1.9700 |       20.00% |       0.0100 |
|         7600 |         7600 |       115.56 |       1.9585 |       20.00% |       0.0100 |
|         7650 |         7650 |       116.32 |       1.9470 |       20.00% |       0.0100 |
|         7700 |         7700 |       117.09 |       1.9355 |       20.00% |       0.0100 |
|         7750 |         7750 |       117.86 |       1.9240 |       20.00% |       0.0100 |
|         7800 |         7800 |       118.62 |       1.9125 |       20.00% |       0.0100 |
|         7850 |         7850 |       119.40 |       1.9011 |       20.00% |       0.0100 |
|         7900 |         7900 |       120.17 |       1.8896 |       30.00% |       0.0100 |
|         7950 |         7950 |       120.94 |       1.8783 |       30.00% |       0.0100 |
|         8000 |         8000 |       121.70 |       1.8670 |       30.00% |       0.0100 |
|         8050 |         8050 |       122.47 |       1.8557 |       30.00% |       0.0100 |
|         8100 |         8100 |       123.23 |       1.9110 |       30.00% |       0.0100 |
|         8150 |         8150 |       124.00 |       1.8967 |       30.00% |       0.0100 |
|         8200 |         8200 |       124.77 |       1.8972 |       30.00% |       0.0100 |
|         8250 |         8250 |       125.53 |       1.8974 |       20.00% |       0.0100 |
|         8300 |         8300 |       126.30 |       1.8969 |       10.00% |       0.0100 |
|         8350 |         8350 |       127.06 |       1.8957 |       10.00% |       0.0100 |
|         8400 |         8400 |       127.82 |       1.8940 |       10.00% |       0.0100 |
|         8450 |         8450 |       128.58 |       1.8918 |       10.00% |       0.0100 |
|         8500 |         8500 |       129.34 |       1.8892 |       10.00% |       0.0100 |
|         8550 |         8550 |       130.10 |       1.8862 |       10.00% |       0.0100 |
|         8600 |         8600 |       130.86 |       1.8829 |       10.00% |       0.0100 |
|         8650 |         8650 |       131.62 |       1.8794 |       10.00% |       0.0100 |
|         8700 |         8700 |       132.38 |       1.8756 |       10.00% |       0.0100 |
|         8750 |         8750 |       133.14 |       1.8717 |       10.00% |       0.0100 |
|         8800 |         8800 |       133.90 |       1.8676 |       10.00% |       0.0100 |
|         8850 |         8850 |       134.66 |       1.8634 |       10.00% |       0.0100 |
|         8900 |         8900 |       135.45 |       1.8590 |       10.00% |       0.0100 |
|         8950 |         8950 |       136.22 |       1.8546 |       10.00% |       0.0100 |
|         9000 |         9000 |       136.99 |       1.8501 |       10.00% |       0.0100 |
|         9050 |         9050 |       137.75 |       1.8455 |       10.00% |       0.0100 |
|         9100 |         9100 |       138.51 |       1.8409 |       10.00% |       0.0100 |
|         9150 |         9150 |       139.27 |       1.8362 |       10.00% |       0.0100 |
|         9200 |         9200 |       140.09 |       1.8315 |       10.00% |       0.0100 |
|         9250 |         9250 |       140.87 |       1.8268 |       10.00% |       0.0100 |
|         9300 |         9300 |       141.62 |       1.8221 |       10.00% |       0.0100 |
|         9350 |         9350 |       142.36 |       1.8173 |       10.00% |       0.0100 |
|         9400 |         9400 |       143.10 |       1.8126 |       10.00% |       0.0100 |
|         9450 |         9450 |       143.85 |       1.8078 |       10.00% |       0.0100 |
|         9500 |         9500 |       144.60 |       1.8031 |       10.00% |       0.0100 |
|         9550 |         9550 |       145.34 |       1.7983 |       10.00% |       0.0100 |
|         9600 |         9600 |       146.08 |       1.7936 |       10.00% |       0.0100 |
|         9650 |         9650 |       146.82 |       1.7889 |       10.00% |       0.0100 |
|         9700 |         9700 |       147.57 |       1.7842 |       10.00% |       0.0100 |
|         9750 |         9750 |       148.32 |       1.7795 |       10.00% |       0.0100 |
|         9800 |         9800 |       149.07 |       1.7748 |       10.00% |       0.0100 |
|         9850 |         9850 |       149.82 |       1.7702 |       10.00% |       0.0100 |
|         9900 |         9900 |       150.57 |       1.7655 |       10.00% |       0.0100 |
|         9950 |         9950 |       151.32 |       1.7609 |       10.00% |       0.0100 |
|        10000 |        10000 |       152.09 |       1.7563 |       10.00% |       0.0100 |
|        10050 |        10050 |       152.86 |       1.7517 |       10.00% |       0.0100 |
|        10100 |        10100 |       153.62 |       1.7472 |       10.00% |       0.0100 |
|        10150 |        10150 |       154.36 |       1.7426 |       10.00% |       0.0100 |
|        10200 |        10200 |       155.20 |       1.7381 |       10.00% |       0.0100 |
|        10250 |        10250 |       155.96 |       1.7336 |       10.00% |       0.0100 |
|        10300 |        10300 |       156.77 |       1.7292 |       10.00% |       0.0100 |
|        10350 |        10350 |       157.57 |       1.7247 |       10.00% |       0.0100 |
|        10400 |        10400 |       158.36 |       1.7203 |       10.00% |       0.0100 |
|        10450 |        10450 |       159.10 |       1.7159 |       10.00% |       0.0100 |
|        10500 |        10500 |       159.85 |       1.7116 |       10.00% |       0.0100 |
|        10550 |        10550 |       160.70 |       1.7072 |       10.00% |       0.0100 |
|        10600 |        10600 |       161.54 |       1.7029 |       10.00% |       0.0100 |
|        10650 |        10650 |       162.29 |       1.6985 |       10.00% |       0.0100 |
|        10700 |        10700 |       163.04 |       1.6944 |       10.00% |       0.0100 |
|        10750 |        10750 |       163.81 |       1.6900 |       10.00% |       0.0100 |
|        10800 |        10800 |       164.59 |       1.6858 |       10.00% |       0.0100 |
|        10850 |        10850 |       165.35 |       1.6818 |       10.00% |       0.0100 |
|        10900 |        10900 |       166.10 |       1.6768 |       10.00% |       0.0100 |
|        10950 |        10950 |       166.86 |       1.6739 |       10.00% |       0.0100 |
|        11000 |        11000 |       167.60 |       1.6714 |       10.00% |       0.0100 |
|        11050 |        11050 |       168.34 |       1.6506 |       10.00% |       0.0100 |
|        11100 |        11100 |       169.09 |       1.6912 |       10.00% |       0.0100 |
|        11150 |        11150 |       169.83 |       1.7075 |       10.00% |       0.0100 |
|        11200 |        11200 |       170.60 |       1.5802 |       20.00% |       0.0100 |
|        11250 |        11250 |       171.44 |       1.5668 |       20.00% |       0.0100 |
|        11300 |        11300 |       172.32 |       1.6913 |       10.00% |       0.0100 |
|        11350 |        11350 |       173.14 |       1.7693 |       10.00% |       0.0100 |
|        11400 |        11400 |       173.97 |       1.6235 |       10.00% |       0.0100 |
|        11450 |        11450 |       174.72 |       1.5436 |       20.00% |       0.0100 |
|        11500 |        11500 |       175.46 |       1.5314 |       20.00% |       0.0100 |
|        11550 |        11550 |       176.42 |       1.5968 |       10.00% |       0.0100 |
|        11600 |        11600 |       177.23 |       1.7394 |       10.00% |       0.0100 |
|        11650 |        11650 |       178.02 |       1.7726 |       10.00% |       0.0100 |
|        11700 |        11700 |       178.77 |       1.6622 |       10.00% |       0.0100 |
|        11750 |        11750 |       179.61 |       1.5708 |       10.00% |       0.0100 |
|        11800 |        11800 |       180.44 |       1.5185 |       20.00% |       0.0100 |
|        11850 |        11850 |       181.19 |       1.4897 |       30.00% |       0.0100 |
|        11900 |        11900 |       182.07 |       1.4763 |       30.00% |       0.0100 |
|        11950 |        11950 |       182.94 |       1.4741 |       30.00% |       0.0100 |
|        12000 |        12000 |       183.69 |       1.4785 |       30.00% |       0.0100 |
|        12050 |        12050 |       184.45 |       1.4804 |       30.00% |       0.0100 |
|        12100 |        12100 |       185.29 |       1.3881 |       60.00% |       0.0100 |
|        12150 |        12150 |       186.07 |       1.4214 |       50.00% |       0.0100 |
|        12200 |        12200 |       186.83 |       1.5725 |       20.00% |       0.0100 |
|        12250 |        12250 |       187.59 |       1.6268 |       10.00% |       0.0100 |
|        12300 |        12300 |       188.46 |       1.5495 |       10.00% |       0.0100 |
|        12350 |        12350 |       189.32 |       1.4257 |       40.00% |       0.0100 |
|        12400 |        12400 |       190.07 |       1.8462 |       10.00% |       0.0100 |
|        12450 |        12450 |       190.82 |       1.8514 |       10.00% |       0.0100 |
|        12500 |        12500 |       191.61 |       1.3689 |       60.00% |       0.0100 |
|        12550 |        12550 |       192.37 |       1.6807 |       10.00% |       0.0100 |
|        12600 |        12600 |       193.25 |       1.6623 |       10.00% |       0.0100 |
|        12650 |        12650 |       194.03 |       1.4584 |       20.00% |       0.0100 |
|        12700 |        12700 |       194.84 |       1.9062 |       10.00% |       0.0100 |
|        12750 |        12750 |       195.73 |       1.5062 |       20.00% |       0.0100 |
|        12800 |        12800 |       196.52 |       1.4092 |       40.00% |       0.0100 |
|        12850 |        12850 |       197.30 |       1.3368 |       80.00% |       0.0100 |
|        12900 |        12900 |       198.09 |       1.5935 |       10.00% |       0.0100 |
|        12950 |        12950 |       198.86 |       1.5471 |       10.00% |       0.0100 |
|        13000 |        13000 |       199.64 |       1.5154 |       20.00% |       0.0100 |
|        13050 |        13050 |       200.43 |       1.3400 |       60.00% |       0.0100 |
|        13100 |        13100 |       201.22 |       1.3553 |       60.00% |       0.0100 |
|        13150 |        13150 |       202.01 |       1.3354 |       90.00% |       0.0100 |
|        13200 |        13200 |       202.80 |       1.4842 |       20.00% |       0.0100 |
|        13250 |        13250 |       203.59 |       1.4072 |       30.00% |       0.0100 |
|        13300 |        13300 |       204.39 |       1.5270 |       10.00% |       0.0100 |
|        13350 |        13350 |       205.17 |       1.3169 |       60.00% |       0.0100 |
|        13400 |        13400 |       205.96 |       1.6403 |       10.00% |       0.0100 |
|        13450 |        13450 |       206.76 |       1.3638 |       50.00% |       0.0100 |
|        13500 |        13500 |       207.56 |       1.2915 |       90.00% |       0.0100 |
|        13550 |        13550 |       208.34 |       1.6924 |       10.00% |       0.0100 |
|        13600 |        13600 |       209.14 |       1.2926 |       80.00% |       0.0100 |
|        13650 |        13650 |       209.91 |       1.4395 |       20.00% |       0.0100 |
|        13700 |        13700 |       210.70 |       1.4280 |       20.00% |       0.0100 |
|        13750 |        13750 |       211.47 |       1.3144 |       60.00% |       0.0100 |
|        13800 |        13800 |       212.24 |       1.2753 |       70.00% |       0.0100 |
|        13850 |        13850 |       213.02 |       1.5687 |       20.00% |       0.0100 |
|        13900 |        13900 |       213.80 |       1.6085 |       10.00% |       0.0100 |
|        13950 |        13950 |       214.58 |       1.6959 |       10.00% |       0.0100 |
|        14000 |        14000 |       215.36 |       1.4574 |       20.00% |       0.0100 |
|        14050 |        14050 |       216.15 |       1.3942 |       20.00% |       0.0100 |
|        14100 |        14100 |       216.93 |       1.5565 |       10.00% |       0.0100 |
|        14150 |        14150 |       217.72 |       1.4372 |       20.00% |       0.0100 |
|        14200 |        14200 |       218.49 |       1.4298 |       10.00% |       0.0100 |
|        14250 |        14250 |       219.28 |       1.2672 |       60.00% |       0.0100 |
|        14300 |        14300 |       220.06 |       1.2787 |       60.00% |       0.0100 |
|        14350 |        14350 |       220.98 |       1.4141 |       20.00% |       0.0100 |
|        14400 |        14400 |       221.74 |       1.3911 |       20.00% |       0.0100 |
|        14450 |        14450 |       222.50 |       1.5085 |       20.00% |       0.0100 |
|        14500 |        14500 |       223.25 |       1.2899 |       60.00% |       0.0100 |
|        14550 |        14550 |       224.00 |       1.4425 |       20.00% |       0.0100 |
|        14600 |        14600 |       224.76 |       1.3521 |       30.00% |       0.0100 |
|        14650 |        14650 |       225.51 |       1.2461 |       60.00% |       0.0100 |
|        14700 |        14700 |       226.27 |       1.6071 |       10.00% |       0.0100 |
|        14750 |        14750 |       227.02 |       1.6739 |       10.00% |       0.0100 |
|        14800 |        14800 |       227.77 |       1.2207 |       90.00% |       0.0100 |
|        14850 |        14850 |       228.53 |       1.4185 |       20.00% |       0.0100 |
|        14900 |        14900 |       229.29 |       1.4800 |       10.00% |       0.0100 |
|        14950 |        14950 |       230.04 |       1.4632 |       10.00% |       0.0100 |
|        15000 |        15000 |       230.79 |       1.5872 |       10.00% |       0.0100 |
|        15050 |        15050 |       231.54 |       1.5555 |       10.00% |       0.0100 |
|        15100 |        15100 |       232.30 |       1.6115 |       10.00% |       0.0100 |
|        15150 |        15150 |       233.05 |       1.7253 |       10.00% |       0.0100 |
|        15200 |        15200 |       233.81 |       1.4070 |       20.00% |       0.0100 |
|        15250 |        15250 |       234.57 |       1.2341 |       60.00% |       0.0100 |
|        15300 |        15300 |       235.32 |       1.3245 |       30.00% |       0.0100 |
|        15350 |        15350 |       236.08 |       1.5674 |       10.00% |       0.0100 |
|        15400 |        15400 |       236.84 |       1.6401 |       10.00% |       0.0100 |
|        15450 |        15450 |       237.60 |       1.3606 |       20.00% |       0.0100 |
|        15500 |        15500 |       238.34 |       1.3922 |       20.00% |       0.0100 |
|        15550 |        15550 |       239.10 |       1.3803 |       20.00% |       0.0100 |
|        15600 |        15600 |       239.86 |       1.3984 |       10.00% |       0.0100 |
|        15650 |        15650 |       240.61 |       1.2606 |       60.00% |       0.0100 |
|        15700 |        15700 |       241.37 |       1.7184 |       10.00% |       0.0100 |
|        15750 |        15750 |       242.13 |       1.1908 |       60.00% |       0.0100 |
|        15800 |        15800 |       242.88 |       1.9083 |       10.00% |       0.0100 |
|        15850 |        15850 |       243.64 |       1.7410 |       10.00% |       0.0100 |
|        15900 |        15900 |       244.39 |       1.2502 |       70.00% |       0.0100 |
|        15950 |        15950 |       245.14 |       1.4504 |       10.00% |       0.0100 |
|        16000 |        16000 |       245.89 |       1.1995 |       80.00% |       0.0100 |
|        16050 |        16050 |       246.65 |       1.3475 |       20.00% |       0.0100 |
|        16100 |        16100 |       247.41 |       1.5038 |       20.00% |       0.0100 |
|        16150 |        16150 |       248.17 |       1.6181 |       20.00% |       0.0100 |
|        16200 |        16200 |       248.92 |       1.6267 |       20.00% |       0.0100 |
|        16250 |        16250 |       249.68 |       1.3028 |       30.00% |       0.0100 |
|        16300 |        16300 |       250.43 |       1.1551 |       90.00% |       0.0100 |
|        16350 |        16350 |       251.18 |       1.1504 |       70.00% |       0.0100 |
|        16400 |        16400 |       251.93 |       1.1474 |       70.00% |       0.0100 |
|        16450 |        16450 |       252.69 |       1.2663 |       30.00% |       0.0100 |
|        16500 |        16500 |       253.45 |       1.3575 |       20.00% |       0.0100 |
|        16550 |        16550 |       254.20 |       1.2125 |       60.00% |       0.0100 |
|        16600 |        16600 |       254.95 |       1.1419 |       90.00% |       0.0100 |
|        16650 |        16650 |       255.71 |       1.1372 |       80.00% |       0.0100 |
|        16700 |        16700 |       256.46 |       2.3016 |       10.00% |       0.0100 |
|        16750 |        16750 |       257.22 |       1.2344 |       30.00% |       0.0100 |
|        16800 |        16800 |       257.97 |       1.1837 |       60.00% |       0.0100 |
|        16850 |        16850 |       258.73 |       1.1623 |       70.00% |       0.0100 |
|        16900 |        16900 |       259.48 |       1.1266 |       90.00% |       0.0100 |
|        16950 |        16950 |       260.24 |       1.4639 |       10.00% |       0.0100 |
|        17000 |        17000 |       260.99 |       2.0228 |       10.00% |       0.0100 |
|        17050 |        17050 |       261.74 |       1.1218 |       70.00% |       0.0100 |
|        17100 |        17100 |       262.50 |       2.4275 |       10.00% |       0.0100 |
|        17150 |        17150 |       263.25 |       1.1851 |       60.00% |       0.0100 |
|        17200 |        17200 |       264.01 |       1.1676 |       80.00% |       0.0100 |
|        17250 |        17250 |       264.77 |       1.1953 |       60.00% |       0.0100 |
|        17300 |        17300 |       265.52 |       1.1160 |       90.00% |       0.0100 |
|        17350 |        17350 |       266.27 |       1.5688 |       10.00% |       0.0100 |
|        17400 |        17400 |       267.02 |       1.4466 |       10.00% |       0.0100 |
|        17450 |        17450 |       267.77 |       1.1218 |       60.00% |       0.0100 |
|        17500 |        17500 |       268.52 |       1.1050 |       80.00% |       0.0100 |
|        17550 |        17550 |       269.27 |       2.1493 |       10.00% |       0.0100 |
|        17600 |        17600 |       270.03 |       1.6757 |       10.00% |       0.0100 |
|        17650 |        17650 |       270.79 |       1.1112 |       90.00% |       0.0100 |
|        17700 |        17700 |       271.54 |       1.0972 |       90.00% |       0.0100 |
|        17750 |        17750 |       272.30 |       1.1393 |       60.00% |       0.0100 |
|        17800 |        17800 |       273.06 |       1.6895 |       10.00% |       0.0100 |
|        17850 |        17850 |       273.81 |       1.4685 |       20.00% |       0.0100 |
|        17900 |        17900 |       274.57 |       1.4498 |       20.00% |       0.0100 |
|        17950 |        17950 |       275.32 |       1.7884 |       10.00% |       0.0100 |
|        18000 |        18000 |       276.08 |       1.5680 |       10.00% |       0.0100 |
|        18050 |        18050 |       276.84 |       1.0895 |       90.00% |       0.0100 |
|        18100 |        18100 |       277.60 |       1.0834 |       80.00% |       0.0100 |
|        18150 |        18150 |       278.35 |       1.0809 |       70.00% |       0.0100 |
|        18200 |        18200 |       279.11 |       1.4588 |       10.00% |       0.0100 |
|        18250 |        18250 |       279.86 |       1.4728 |       20.00% |       0.0100 |
|        18300 |        18300 |       280.62 |       1.0782 |       90.00% |       0.0100 |
|        18350 |        18350 |       281.38 |       1.2701 |       30.00% |       0.0100 |
|        18400 |        18400 |       282.13 |       1.1067 |       60.00% |       0.0100 |
|        18450 |        18450 |       282.88 |       1.3395 |       20.00% |       0.0100 |
|        18500 |        18500 |       283.63 |       1.0784 |       90.00% |       0.0100 |
|        18550 |        18550 |       284.38 |       1.0701 |       70.00% |       0.0100 |
|        18600 |        18600 |       285.14 |       1.1150 |       60.00% |       0.0100 |
|        18650 |        18650 |       285.88 |       1.0697 |       90.00% |       0.0100 |
|        18700 |        18700 |       286.63 |       1.3438 |       20.00% |       0.0100 |
|        18750 |        18750 |       287.38 |       1.6350 |       10.00% |       0.0100 |
|        18800 |        18800 |       288.12 |       1.3627 |       30.00% |       0.0100 |
|        18850 |        18850 |       288.88 |       1.6521 |       10.00% |       0.0100 |
|        18900 |        18900 |       289.64 |       1.0892 |       60.00% |       0.0100 |
|        18950 |        18950 |       290.41 |       1.0561 |       90.00% |       0.0100 |
|        19000 |        19000 |       291.35 |       1.3538 |       20.00% |       0.0100 |
|        19050 |        19050 |       292.10 |       1.4823 |       10.00% |       0.0100 |
|        19100 |        19100 |       292.85 |       1.0542 |       80.00% |       0.0100 |
|        19150 |        19150 |       293.60 |       1.0577 |       70.00% |       0.0100 |
|        19200 |        19200 |       294.35 |       1.0497 |       90.00% |       0.0100 |
|        19250 |        19250 |       295.10 |       1.0465 |       70.00% |       0.0100 |
|        19300 |        19300 |       295.85 |       1.1243 |       60.00% |       0.0100 |
|        19350 |        19350 |       296.67 |       1.2841 |       20.00% |       0.0100 |
|        19400 |        19400 |       297.44 |       1.0439 |       90.00% |       0.0100 |
|        19450 |        19450 |       298.42 |       1.1157 |       60.00% |       0.0100 |
|        19500 |        19500 |       299.28 |       1.3071 |       20.00% |       0.0100 |
|        19550 |        19550 |       300.15 |       1.2752 |       20.00% |       0.0100 |
|        19600 |        19600 |       301.30 |       1.1881 |       50.00% |       0.0100 |
|        19650 |        19650 |       302.32 |       1.0487 |       60.00% |       0.0100 |
|        19700 |        19700 |       303.31 |       1.0358 |       90.00% |       0.0100 |
|        19750 |        19750 |       304.29 |       1.0336 |       90.00% |       0.0100 |
|        19800 |        19800 |       305.26 |       1.0315 |       70.00% |       0.0100 |
|        19850 |        19850 |       306.25 |       1.0295 |       70.00% |       0.0100 |
|        19900 |        19900 |       307.28 |       1.0281 |       90.00% |       0.0100 |
|        19950 |        19950 |       308.33 |       1.4801 |       20.00% |       0.0100 |
|        20000 |        20000 |       309.10 |       1.3520 |       10.00% |       0.0100 |
|        20050 |        20050 |       309.87 |       1.0283 |       90.00% |       0.0100 |
|        20100 |        20100 |       310.65 |       1.7262 |       10.00% |       0.0100 |
|        20150 |        20150 |       311.41 |       1.6357 |       10.00% |       0.0100 |
|        20200 |        20200 |       312.18 |       1.1858 |       30.00% |       0.0100 |
|        20250 |        20250 |       312.95 |       1.0551 |       60.00% |       0.0100 |
|        20300 |        20300 |       313.72 |       1.0196 |       90.00% |       0.0100 |
|        20350 |        20350 |       314.49 |       1.0175 |       90.00% |       0.0100 |
|        20400 |        20400 |       315.26 |       1.0155 |       90.00% |       0.0100 |
|        20450 |        20450 |       316.03 |       1.0136 |       90.00% |       0.0100 |
|        20500 |        20500 |       316.79 |       1.0117 |       80.00% |       0.0100 |
|        20550 |        20550 |       317.56 |       1.0099 |       70.00% |       0.0100 |
|        20600 |        20600 |       318.33 |       1.1209 |       50.00% |       0.0100 |
|        20650 |        20650 |       319.09 |       1.2754 |       20.00% |       0.0100 |
|        20700 |        20700 |       319.85 |       1.3415 |       20.00% |       0.0100 |
|        20750 |        20750 |       320.62 |       1.6117 |       10.00% |       0.0100 |
|        20800 |        20800 |       321.39 |       1.0094 |       90.00% |       0.0100 |
|        20850 |        20850 |       322.15 |       1.0041 |       90.00% |       0.0100 |
|        20900 |        20900 |       322.91 |       1.0022 |       90.00% |       0.0100 |
|        20950 |        20950 |       323.67 |       1.0363 |       70.00% |       0.0100 |
|        21000 |        21000 |       324.44 |       1.0858 |       60.00% |       0.0100 |
|        21050 |        21050 |       325.21 |       1.4013 |       20.00% |       0.0100 |
|        21100 |        21100 |       325.97 |       1.1743 |       40.00% |       0.0100 |
|        21150 |        21150 |       326.74 |       1.0691 |       60.00% |       0.0100 |
|        21200 |        21200 |       327.51 |       1.1810 |       60.00% |       0.0100 |
|        21250 |        21250 |       328.29 |       1.3042 |       30.00% |       0.0100 |
|        21300 |        21300 |       329.05 |       2.2916 |       10.00% |       0.0100 |
|        21350 |        21350 |       329.82 |       1.0090 |       80.00% |       0.0100 |
|        21400 |        21400 |       330.59 |       0.9920 |       90.00% |       0.0100 |
|        21450 |        21450 |       331.36 |       0.9898 |       80.00% |       0.0100 |
|        21500 |        21500 |       332.13 |       0.9881 |       80.00% |       0.0100 |
|        21550 |        21550 |       332.90 |       0.9863 |       80.00% |       0.0100 |
|        21600 |        21600 |       333.66 |       0.9846 |       90.00% |       0.0100 |
|        21650 |        21650 |       334.42 |       0.9861 |       70.00% |       0.0100 |
|        21700 |        21700 |       335.19 |       1.1128 |       50.00% |       0.0100 |
|        21750 |        21750 |       335.95 |       1.0577 |       60.00% |       0.0100 |
|        21800 |        21800 |       336.71 |       1.0418 |       60.00% |       0.0100 |
|        21850 |        21850 |       337.48 |       1.9475 |       10.00% |       0.0100 |
|        21900 |        21900 |       338.25 |       1.0112 |       60.00% |       0.0100 |
|        21950 |        21950 |       339.01 |       1.2109 |       40.00% |       0.0100 |
|        22000 |        22000 |       339.78 |       1.8402 |       10.00% |       0.0100 |
|        22050 |        22050 |       340.55 |       1.0040 |       70.00% |       0.0100 |
|        22100 |        22100 |       341.31 |       1.1395 |       60.00% |       0.0100 |
|        22150 |        22150 |       342.08 |       0.9797 |       70.00% |       0.0100 |
|        22200 |        22200 |       342.85 |       0.9745 |       90.00% |       0.0100 |
|        22250 |        22250 |       343.61 |       0.9727 |       90.00% |       0.0100 |
|        22300 |        22300 |       344.37 |       0.9711 |       90.00% |       0.0100 |
|        22350 |        22350 |       345.15 |       0.9695 |       90.00% |       0.0100 |
|        22400 |        22400 |       345.91 |       0.9679 |       90.00% |       0.0100 |
|        22450 |        22450 |       346.67 |       0.9663 |       90.00% |       0.0100 |
|        22500 |        22500 |       347.44 |       0.9647 |       90.00% |       0.0100 |
|        22550 |        22550 |       348.21 |       0.9632 |       90.00% |       0.0100 |
|        22600 |        22600 |       348.98 |       0.9617 |       90.00% |       0.0100 |
|        22650 |        22650 |       349.75 |       0.9619 |       70.00% |       0.0100 |
|        22700 |        22700 |       350.52 |       1.2535 |       40.00% |       0.0100 |
|        22750 |        22750 |       351.29 |       1.1887 |       40.00% |       0.0100 |
|        22800 |        22800 |       352.06 |       1.8151 |       10.00% |       0.0100 |
|        22850 |        22850 |       352.83 |       1.7013 |       10.00% |       0.0100 |
|        22900 |        22900 |       353.60 |       2.3361 |       10.00% |       0.0100 |
|        22950 |        22950 |       354.37 |       1.5345 |       10.00% |       0.0100 |
|        23000 |        23000 |       355.14 |       1.4692 |       30.00% |       0.0100 |
|        23050 |        23050 |       355.91 |       1.1228 |       90.00% |       0.0100 |
|        23100 |        23100 |       356.67 |       1.0271 |       70.00% |       0.0100 |
|        23150 |        23150 |       357.44 |       1.0206 |       70.00% |       0.0100 |
|        23200 |        23200 |       358.22 |       1.0175 |       70.00% |       0.0100 |
|        23250 |        23250 |       358.98 |       1.0151 |       70.00% |       0.0100 |
|        23300 |        23300 |       359.74 |       1.0129 |       70.00% |       0.0100 |
|        23350 |        23350 |       360.51 |       1.0107 |       70.00% |       0.0100 |
|        23400 |        23400 |       361.28 |       1.0087 |       70.00% |       0.0100 |
|        23450 |        23450 |       362.04 |       1.0066 |       80.00% |       0.0100 |
|        23500 |        23500 |       362.81 |       1.0046 |       80.00% |       0.0100 |
|        23550 |        23550 |       363.57 |       1.0026 |       90.00% |       0.0100 |
|        23600 |        23600 |       364.33 |       1.0006 |       90.00% |       0.0100 |
|        23650 |        23650 |       365.09 |       0.9987 |       90.00% |       0.0100 |
|        23700 |        23700 |       365.86 |       0.9968 |       90.00% |       0.0100 |
|=========================================================================================|
Elapsed time is 366.128003 seconds.
Training Complete
     t1 
     t2 
     t3 
     t4 
     t5 
     t6 
     t10 
     t8 
     t9 
     t10 
     t5 

    0.2580    0.0805    0.0002    0.0064    0.0007    0.0675    0.0000    0.2570    0.0805    0.2434    0.0057
    0.0084    0.0000    0.0000    0.6382    0.0000    0.3256    0.0000    0.0240    0.0000    0.0038    0.0000
    0.0007    0.0503    0.0000    0.0000    0.4108    0.0000    0.1901    0.0002    0.0503    0.0016    0.2959
    0.0488    0.0007    0.0000    0.3692    0.0000    0.4500    0.0000    0.1034    0.0007    0.0273    0.0000
    0.0000    0.0018    0.0000    0.0000    0.1764    0.0000    0.7682    0.0000    0.0018    0.0000    0.0518
    0.2551    0.0462    0.0002    0.0171    0.0002    0.1236    0.0000    0.2895    0.0462    0.2198    0.0021
    0.0859    0.2814    0.0001    0.0000    0.0459    0.0016    0.0006    0.0487    0.2814    0.1197    0.1346
    0.2470    0.1109    0.0002    0.0032    0.0015    0.0428    0.0000    0.2254    0.1109    0.2475    0.0106
    0.0052    0.1367    0.0000    0.0000    0.3101    0.0000    0.0456    0.0018    0.1367    0.0102    0.3536
    0.0859    0.2814    0.0001    0.0000    0.0459    0.0016    0.0006    0.0487    0.2814    0.1197    0.1346
    0.0001    0.0123    0.0000    0.0000    0.3418    0.0000    0.4748    0.0000    0.0123    0.0002    0.1585